10010100000100000010000000000011
10010110000100000010000000000101
01000000000000000000000000000100
00000001000000000000000000000000
10010000000100100110000000000000
00010000100000000000000000001110
00000001000000000000000000000000
10100000000100000010000000000001
10010010000100000010000000000000
10100010000100000010000000000000
10100100000100000010000000000000
10100010000000100100000000001010
10010010000101000110000000000000
10100100000001000010000000000001
10100000000101001010000000000000
10000000101001000010000000000101
00000100101111111111111111111010
00000001000000000000000000000000
10000001110000111110000000000010
00000001000000000000000000000000
10010000000100100100000000000000
00000001000000000000000000000000
00000001000000000000000000000000
00000001000000000000000000000000
00000001000000000000000000000000
00000001000000000000000000000000
00000001000000000000000000000000
00000001000000000000000000000000
00000001000000000000000000000000
00000001000000000000000000000000
00000001000000000000000000000000
00000001000000000000000000000000
00000001000000000000000000000000
00000001000000000000000000000000
00000001000000000000000000000000
00000001000000000000000000000000
00000001000000000000000000000000
00000001000000000000000000000000
00000001000000000000000000000000
00000001000000000000000000000000
00000001000000000000000000000000
00000001000000000000000000000000
00000001000000000000000000000000
00000001000000000000000000000000
00000001000000000000000000000000
00000001000000000000000000000000
00000001000000000000000000000000
00000001000000000000000000000000
00000001000000000000000000000000
00000001000000000000000000000000
00000001000000000000000000000000
00000001000000000000000000000000
00000001000000000000000000000000
00000001000000000000000000000000
00000001000000000000000000000000
00000001000000000000000000000000
00000001000000000000000000000000
00000001000000000000000000000000
00000001000000000000000000000000
00000001000000000000000000000000
00000001000000000000000000000000
00000001000000000000000000000000
00000001000000000000000000000000
00000001000000000000000000000000
